0.000000,0.000000
1,52,50,50
-.
IronBox
1
400.000000,650.000000
52,52,50,50
-
IronBox
2
550.000000,100.000000
52,52,50,50
-
IronBox
3
850.000000,-400.000000
52,52,50,50
-
Box
4
-500.000000,300.000000
52,1,50,50
-
Box
5
-400.000000,-500.000000
52,1,50,50
-
Box
6
-400.000000,250.000000
52,1,50,50
-
Box
7
-400.000000,450.000000
52,1,50,50
-
Box
8
-300.000000,650.000000
52,1,50,50
-
Box
9
-250.000000,-50.000000
52,1,50,50
-
Box
10
-250.000000,550.000000
52,1,50,50
-
Box
11
-250.000000,800.000000
52,1,50,50
-
Box
12
-200.000000,600.000000
52,1,50,50
-
Box
14
-150.000000,500.000000
52,1,50,50
-
Box
15
-100.000000,-250.000000
52,1,50,50
-
Box
16
-100.000000,650.000000
52,1,50,50
-
Box
17
-50.000000,750.000000
52,1,50,50
-
Box
18
0.000000,500.000000
52,1,50,50
-
Box
19
0.000000,550.000000
52,1,50,50
-
Box
21
100.000000,-500.000000
52,1,50,50
-
Box
23
150.000000,600.000000
52,1,50,50
-
Box
24
200.000000,0.000000
52,1,50,50
-
Box
25
200.000000,350.000000
52,1,50,50
-
Box
26
200.000000,650.000000
52,1,50,50
-
Box
27
250.000000,900.000000
52,1,50,50
-
Box
28
350.000000,-450.000000
52,1,50,50
-
Box
29
400.000000,-50.000000
52,1,50,50
-
Box
30
450.000000,-500.000000
52,1,50,50
-
Box
31
500.000000,700.000000
52,1,50,50
-
Box
32
550.000000,450.000000
52,1,50,50
-
Box
33
600.000000,650.000000
52,1,50,50
-
Box
34
650.000000,500.000000
52,1,50,50
-
Box
35
700.000000,800.000000
52,1,50,50
-
Box
36
750.000000,950.000000
52,1,50,50
-
Box
37
800.000000,950.000000
52,1,50,50
-
Box
38
850.000000,150.000000
52,1,50,50
-
Box
39
850.000000,750.000000
52,1,50,50
-
Box
40
850.000000,950.000000
52,1,50,50
-
Box
41
900.000000,650.000000
52,1,50,50
-
Box
42
950.000000,600.000000
52,1,50,50
-.
1,2,3,4,5,6,7,8,9,10,11,12,14,15,16,17,18,19,21,23,24,25,26,27,28,29,30,31,32,33,34,35,36,37,38,39,40,41,42,